Name - 14
Width - 50
Height - 50
Tiles - 1 1 1 1 1 1 2 1 3 3 3 1 1 1 1 1 1 1 1 1 1 1 1 2 2 1 1 1 1 1 1 1 1 1 1 1 1 1 1 1 1 1 1 1 2 1 1 1 1 1 1 1 3 1 1 1 1 2 1 1 3 1 1 1 1 1 1 1 1 1 1 1 3 2 2 2 1 1 1 1 1 3 3 3 3 1 1 1 1 1 1 1 1 1 1 1 1 1 1 1 1 3 3 2 1 1 1 1 1 1 3 1 1 1 1 1 1 1 1 1 1 1 1 1 2 2 2 1 1 3 3 1 1 1 1 2 2 1 1 1 1 1 1 2 3 1 2 1 1 1 1 1 1 1 1 1 1 1 1 1 1 1 3 3 1 1 1 1 1 1 2 1 1 1 1 2 1 1 1 1 1 1 1 1 2 3 1 1 1 1 1 1 1 1 2 3 1 1 1 1 1 3 1 1 1 1 1 1 1 1 1 1 1 1 1 1 1 1 1 1 1 1 1 1 1 1 1 1 1 1 1 1 1 1 3 1 1 1 1 1 1 1 1 1 1 1 1 1 1 1 1 1 1 1 1 1 1 1 3 1 1 1 1 1 1 2 1 1 1 1 1 1 1 1 3 3 3 1 1 1 1 1 1 1 1 2 1 1 1 1 1 1 1 1 1 3 1 1 1 1 1 1 1 1 1 1 3 1 1 1 1 1 1 1 1 2 2 1 1 1 1 1 1 1 1 1 1 3 1 1 1 1 1 1 2 2 2 3 1 1 1 1 1 1 1 3 1 1 1 1 1 1 1 1 1 1 1 1 1 1 1 1 1 2 1 2 3 3 1 1 1 1 1 1 1 2 1 1 1 1 1 1 1 1 1 1 1 1 1 1 1 1 1 1 3 3 2 1 1 1 1 1 1 1 1 1 1 1 1 1 1 1 1 1 1 1 3 2 1 1 1 1 1 3 1 1 1 1 1 1 1 1 3 1 1 1 1 1 1 1 1 1 1 1 1 2 2 1 1 1 1 1 1 1 1 1 1 1 3 3 1 1 1 1 1 1 1 1 1 1 1 1 1 1 1 1 1 1 1 1 1 1 1 1 1 1 1 1 1 1 1 1 1 1 1 3 1 1 1 3 1 1 1 1 1 1 3 3 1 1 1 1 1 1 1 1 3 1 1 1 1 1 1 1 1 1 1 1 1 1 1 1 1 3 1 1 1 1 1 1 1 1 1 1 1 3 1 1 1 3 1 1 1 1 1 1 1 1 1 1 1 1 1 1 1 3 1 1 1 1 1 1 3 3 3 1 1 1 1 1 1 2 2 3 1 1 1 3 1 3 3 3 1 1 1 1 1 1 1 1 1 1 1 1 3 2 1 1 1 1 1 1 1 1 1 1 1 1 1 1 1 1 1 1 2 1 1 1 1 1 1 1 1 1 1 1 1 3 1 1 1 1 1 1 1 1 1 1 1 1 1 1 1 1 1 3 1 1 1 1 1 1 1 1 1 1 1 1 1 1 1 3 1 1 1 3 1 1 1 1 3 1 1 1 1 2 2 3 1 1 1 1 1 1 1 3 1 1 1 1 1 1 1 1 1 3 3 1 1 1 1 1 1 1 1 1 1 1 1 3 3 3 1 1 1 3 1 1 1 1 3 1 1 1 1 1 1 1 3 1 1 1 1 1 1 1 1 1 1 1 1 1 1 1 1 1 1 1 2 1 1 1 1 1 1 1 1 1 1 3 1 1 3 1 1 3 1 1 1 1 1 1 1 1 1 1 1 1 3 1 1 1 3 3 1 2 1 1 1 1 1 1 1 1 1 1 1 3 3 1 3 3 3 1 1 1 1 1 2 2 3 1 1 1 3 1 1 1 1 1 1 1 1 1 1 1 1 1 1 1 1 1 1 1 1 1 3 1 1 1 1 1 1 1 1 1 1 1 1 1 1 1 3 1 1 1 1 1 1 1 2 1 1 3 1 1 1 1 1 1 1 1 1 3 1 1 1 1 1 1 1 1 1 1 1 3 3 1 1 1 1 1 1 1 3 3 1 1 1 1 1 1 1 1 1 1 1 1 1 1 3 1 1 3 1 1 1 3 3 1 1 1 1 1 1 1 1 1 1 1 1 1 1 3 3 2 3 1 1 1 1 1 1 1 1 1 1 1 1 1 1 3 1 1 1 3 2 3 1 3 1 1 1 1 1 1 1 3 1 1 1 1 1 1 1 1 1 1 1 1 1 1 1 3 3 1 1 1 1 1 1 1 1 1 1 1 1 1 1 3 3 2 1 3 3 2 2 3 3 1 3 3 1 1 1 1 1 1 1 1 1 1 3 3 1 1 1 1 1 1 1 1 1 1 1 1 1 1 1 1 1 1 1 1 1 1 1 1 3 3 1 1 3 3 1 1 1 3 1 3 1 3 1 1 1 1 1 1 1 1 1 1 3 1 1 1 1 1 1 3 1 1 1 1 1 3 1 1 1 1 1 1 1 1 1 1 1 1 1 1 1 1 3 1 1 1 1 1 1 1 1 1 1 3 1 1 1 1 1 1 1 3 3 1 1 1 1 1 1 3 3 1 1 1 1 1 1 1 1 1 1 1 1 1 1 1 1 1 1 1 1 1 1 1 1 1 2 1 1 1 1 1 1 1 1 1 1 1 1 1 1 1 1 1 1 1 2 1 1 1 1 1 1 1 1 1 1 1 1 1 1 3 3 1 1 1 1 1 1 1 1 1 1 1 1 2 2 1 1 1 1 1 3 3 1 1 1 1 3 1 1 1 1 1 1 1 2 1 3 2 1 1 1 1 1 1 1 3 3 1 1 3 1 1 1 1 1 1 1 1 3 1 1 1 2 1 1 3 1 1 1 1 1 1 1 1 1 3 3 1 1 1 1 1 1 1 1 1 1 2 1 1 1 1 1 1 1 1 1 1 1 1 1 1 1 1 1 1 2 3 3 3 2 1 1 1 1 1 1 1 3 3 3 3 1 1 3 1 1 1 1 1 1 1 1 1 1 1 1 2 3 1 1 1 1 1 1 1 1 1 1 1 1 1 3 3 3 3 1 1 3 3 1 1 1 1 1 1 1 1 1 1 1 1 1 3 1 1 1 1 1 1 1 3 1 1 1 1 1 2 3 1 1 3 1 1 1 1 1 1 1 1 1 1 1 1 1 1 1 1 3 1 1 1 1 3 1 1 2 1 1 3 3 1 1 1 1 1 1 1 1 1 1 3 1 1 1 1 1 1 1 1 3 3 3 1 2 1 1 1 1 2 1 1 2 1 1 1 1 1 1 1 1 1 1 3 1 1 2 1 1 3 1 3 1 1 1 1 1 1 1 1 1 1 3 3 1 1 1 1 1 1 3 1 2 1 1 1 1 1 1 2 2 3 2 1 1 1 1 1 3 3 1 1 1 1 3 1 1 1 1 3 1 1 1 1 1 1 1 1 1 1 1 1 1 1 1 3 1 1 1 1 1 2 1 3 1 1 1 1 1 1 1 3 1 1 1 1 1 1 1 1 1 1 1 1 1 1 1 1 1 2 1 1 3 1 3 1 1 1 1 1 1 1 1 1 1 3 1 1 1 1 1 1 1 1 1 1 1 1 1 1 1 3 1 1 1 1 1 1 1 1 1 1 1 1 1 1 1 1 1 1 1 1 3 1 3 1 1 1 1 1 1 1 1 1 1 1 1 1 3 1 1 1 1 1 1 1 1 1 1 1 1 1 3 1 1 1 3 3 1 1 1 1 1 1 1 1 1 1 1 1 1 2 2 1 1 1 1 1 1 1 1 1 1 1 1 1 1 1 1 1 1 1 1 1 1 1 1 1 1 1 2 1 1 1 1 1 1 3 1 1 1 1 1 3 2 3 1 1 3 3 1 1 1 1 1 1 1 1 1 1 1 1 1 1 1 3 2 3 1 1 1 1 1 1 1 1 1 1 1 1 1 1 2 2 1 1 1 1 3 1 1 1 1 3 3 2 2 1 3 2 1 1 1 1 1 1 1 1 1 1 1 1 1 1 1 1 3 1 1 1 1 1 1 3 3 1 1 1 1 1 1 3 1 1 1 1 1 1 1 1 1 1 1 3 1 1 1 1 1 1 1 3 1 1 1 1 1 1 3 1 1 1 1 1 1 3 1 3 1 3 1 1 1 3 1 1 1 1 1 1 1 1 1 1 1 1 1 1 1 1 1 1 1 1 1 1 1 1 1 1 1 1 1 1 1 3 3 1 3 3 3 3 1 1 1 1 1 1 1 1 1 1 1 3 1 1 1 1 1 1 1 1 1 1 3 1 1 1 1 1 1 1 1 1 1 1 1 1 1 1 1 1 1 1 1 2 3 2 1 3 1 1 1 1 1 1 1 1 1 1 1 2 1 1 1 1 1 1 1 1 1 1 1 3 3 1 1 1 2 3 1 1 1 1 1 3 1 1 1 3 3 1 1 1 3 3 3 2 1 3 1 1 1 1 1 1 1 1 1 1 1 1 1 3 1 1 1 1 1 1 3 1 1 1 1 1 1 1 1 3 1 1 1 1 1 3 1 1 3 1 1 1 1 1 1 1 1 2 1 1 1 1 1 1 1 1 3 1 1 1 1 1 1 1 1 1 1 1 1 1 3 1 1 1 1 1 1 1 1 3 1 3 3 1 1 1 1 1 1 1 1 1 1 1 1 1 1 1 1 1 1 1 1 1 1 1 1 1 1 1 1 1 1 1 1 1 1 1 1 1 1 1 1 1 1 1 1 1 1 3 1 1 1 1 1 1 1 1 1 1 1 3 1 1 1 1 1 1 1 1 1 1 1 1 1 1 1 1 1 1 1 1 1 1 1 1 1 1 1 1 1 3 1 1 1 1 1 1 1 3 1 1 1 1 1 1 1 1 1 1 1 1 3 1 1 1 1 3 1 1 1 3 3 1 1 1 1 1 1 1 3 1 1 3 1 2 1 1 1 1 1 1 1 1 2 1 1 1 1 1 1 1 1 1 1 1 1 1 3 1 1 1 3 1 1 1 3 1 1 1 1 1 1 2 2 3 1 3 3 3 3 1 1 1 3 2 1 1 1 1 1 3 3 2 1 2 2 1 1 1 1 1 1 1 3 1 1 1 1 1 1 1 1 1 1 1 1 3 1 1 2 3 1 1 1 3 3 1 1 1 1 1 1 1 3 1 2 1 1 1 1 3 1 1 1 1 1 1 1 3 3 3 3 1 1 1 1 1 3 3 1 3 3 1 1 1 1 1 1 3 3 3 1 1 1 1 1 1 1 1 1 1 2 1 3 1 1 1 1 1 1 3 1 1 1 1 1 1 1 1 3 1 1 1 1 1 1 1 1 1 1 1 1 1 1 1 1 1 1 1 1 1 1 1 1 1 1 1 1 1 1 1 1 3 3 1 1 1 1 1 1 1 1 1 1 1 1 1 1 1 1 1 1 1 1 1 1 1 1 1 1 1 1 1 1 1 1 1 1 1 1 1 1 1 1 1 1 1 1 1 1 1 1 1 3 1 1 1 1 1 1 1 1 1 1 1 1 1 1 1 1 1 1 1 1 1 1 1 1 1 1 28 23 23 23 26 1 1 1 1 1 1 1 1 1 1 1 1 1 1 1 1 1 1 1 1 1 1 
Entity Size - 4
Entities - 1|4|507|112|6|227|469|1|349|519|1|508|544|1|640|459|1|646|309|1|508|102|0 1|4|1352|157|12|1315|151|1|1363|137|1|1522|296|0|1520|535|0|1501|786|0|1323|847|0|1048|819|0|862|678|0|886|532|0|1005|338|0|1114|182|0|1314|151|0 1|4|1121|1320|6|1124|1241|1|1152|1410|0|970|1344|0|946|1157|0|1120|1242|0|1242|1134|0 1|4|412|1009|7|596|818|1|747|1049|1|710|1283|1|503|1361|1|502|1098|1|366|857|0|195|952|0 
Item Size - 2
Items - 3|91|625|0 3|1400|455|0 
Warp Size - 2
Warps - 123|0|0|0|0|0|0|0|0 12|760|1588|112|5|755|57|112|18 
Object Size - 18
Objects - 1|269|1045 2|1301|1246 2|331|175 1|154|61 1|1235|222 3|1131|464 3|167|561 3|935|860 8|1456|1165 8|1035|611 8|363|103 8|114|744 7|219|1246 7|1053|1003 7|1287|1496 7|1246|555 7|260|337 7|103|242 
Entity Size - 4
Entities - 1|4|114|416|6|227|469|0|349|519|0|508|544|0|640|459|0|646|309|0|508|102|0 1|4|1448|131|12|1314|151|0|1114|182|0|1005|338|0|886|532|0|862|678|0|1048|819|0|1323|847|0|1501|786|0|1520|535|0|1522|296|0|1363|137|0|1315|151|0 1|4|1341|1013|6|1242|1134|0|1120|1242|0|946|1157|0|970|1344|0|1152|1410|0|1124|1241|0 1|4|109|1041|7|195|952|0|366|857|0|502|1098|0|503|1361|0|710|1283|0|747|1049|0|596|818|0 
Item Size - 2
Items - 3|91|625|0 3|1400|455|0 
