Name - 11
Width - 50
Height - 50
Tiles - 1 1 1 1 1 1 1 12 7 10 1 1 1 1 1 1 1 12 7 10 1 1 1 21 20 20 20 22 1 1 1 12 7 10 1 1 1 1 1 1 1 12 7 10 1 1 1 1 1 1 1 1 1 1 1 1 1 5 4 6 1 1 1 1 1 1 1 5 4 6 1 1 1 21 20 20 20 22 1 1 1 5 4 6 1 1 1 1 1 1 1 5 4 6 1 1 1 1 1 1 1 1 1 1 1 1 1 5 4 6 1 1 1 1 1 1 1 5 4 6 1 1 1 21 20 20 20 22 1 1 1 5 4 6 1 1 1 1 1 1 1 5 4 6 1 1 1 1 1 1 1 1 1 1 1 1 1 5 4 6 1 1 1 1 1 1 1 5 4 6 1 1 1 21 20 20 20 22 1 1 1 5 4 6 1 1 1 1 1 1 1 5 4 6 1 1 1 1 1 1 1 1 1 1 1 1 1 5 4 6 1 1 1 1 1 1 1 5 4 6 1 1 1 21 20 20 20 22 1 1 1 5 4 6 1 1 1 1 1 1 1 5 4 6 1 1 1 1 1 1 1 1 1 1 1 1 1 5 4 6 1 1 1 1 1 1 1 5 4 6 1 1 1 21 20 20 20 22 1 1 1 5 4 6 1 1 1 1 1 1 1 5 4 6 1 1 1 1 1 1 1 1 1 1 1 1 1 5 4 6 1 1 1 1 1 1 1 5 4 6 1 1 1 21 20 20 20 22 1 1 1 5 4 6 1 1 1 1 1 1 1 5 4 6 1 1 1 1 1 1 1 1 1 1 1 1 1 5 4 6 1 1 1 1 1 1 1 5 4 6 1 1 1 21 20 20 20 22 1 1 1 5 4 6 1 1 1 1 1 1 1 5 4 6 1 1 1 1 1 1 1 1 1 1 1 1 1 5 4 6 1 1 1 1 1 1 1 5 4 6 1 1 1 21 20 20 20 22 1 1 1 5 4 6 1 1 1 1 1 1 1 5 4 6 1 1 1 1 1 1 1 1 1 1 1 1 1 5 4 6 1 1 1 1 1 1 1 5 4 6 1 1 1 21 20 20 20 22 1 1 1 5 4 6 1 1 1 1 1 1 1 5 4 6 1 1 1 1 1 1 1 1 1 1 1 1 1 5 4 6 1 1 1 1 1 1 1 5 4 6 1 1 1 21 20 20 20 22 1 1 1 5 4 6 1 1 1 1 1 1 1 5 4 6 1 1 1 1 1 1 1 1 1 1 1 1 1 5 4 6 1 1 1 1 1 1 1 5 4 6 1 1 1 21 20 20 20 22 1 1 1 5 4 6 1 1 1 1 1 1 1 5 4 6 1 1 1 1 1 1 1 1 1 1 1 1 1 5 4 6 1 1 1 1 1 1 1 5 4 6 1 1 1 21 20 20 20 22 1 1 1 5 4 6 1 1 1 1 1 1 1 5 4 6 1 1 1 1 1 1 1 1 1 1 1 1 1 5 4 6 1 1 1 1 1 1 1 5 4 6 1 1 1 21 20 20 20 22 1 1 1 5 4 6 1 1 1 1 1 1 1 5 4 6 1 1 1 1 1 1 1 1 1 1 1 1 1 5 4 6 1 1 1 1 1 1 1 5 4 6 1 1 1 21 20 20 20 22 1 1 1 5 4 6 1 1 1 1 1 1 1 5 4 6 1 1 1 1 1 1 1 1 1 1 1 1 1 5 4 6 1 1 1 1 1 1 1 5 4 6 1 1 1 21 20 20 20 22 1 1 1 5 4 6 1 1 1 1 1 1 1 5 4 6 1 1 1 1 1 1 1 1 1 1 1 1 1 5 4 6 1 1 1 1 1 1 1 5 4 6 1 1 1 21 20 20 20 22 1 1 1 5 4 6 1 1 1 1 1 1 1 5 4 6 1 1 1 1 1 1 1 1 1 1 1 1 1 5 4 6 1 1 1 1 1 1 1 5 4 6 1 1 1 21 20 20 20 22 1 1 1 5 4 6 1 1 1 1 1 1 1 5 4 6 1 1 1 1 1 1 1 1 1 1 1 1 1 5 4 6 1 1 1 1 1 1 1 5 4 6 1 1 1 21 20 20 20 22 1 1 1 5 4 6 1 1 1 1 1 1 1 5 4 6 1 1 1 1 1 1 1 1 1 1 1 1 1 5 4 6 1 1 1 1 1 1 1 5 4 6 1 1 1 21 20 20 20 22 1 1 1 5 4 6 1 1 1 1 1 1 1 5 4 6 1 1 1 1 1 1 1 1 1 1 1 1 1 5 4 6 1 1 1 1 1 1 1 5 4 6 1 1 1 21 20 20 20 22 1 1 1 5 4 6 1 1 1 1 1 1 1 5 4 6 1 1 1 1 1 1 1 1 1 1 1 1 1 5 4 6 1 1 1 1 1 1 1 5 4 6 1 1 1 21 20 20 20 22 1 1 1 5 4 6 1 1 1 1 1 1 1 5 4 6 1 1 1 1 1 1 1 1 1 1 1 1 1 5 4 6 1 1 1 1 1 1 1 5 4 6 1 1 1 21 20 20 20 22 1 1 1 5 4 6 1 1 1 1 1 1 1 5 4 6 1 1 1 1 1 1 1 1 1 1 1 1 1 5 4 6 1 1 1 1 1 1 1 5 4 6 1 1 1 21 20 20 20 22 1 1 1 5 4 6 1 1 1 1 1 1 1 5 4 6 1 1 1 1 1 1 1 1 1 1 1 1 1 5 4 6 1 1 1 1 1 1 1 5 4 6 1 1 1 21 20 20 20 22 1 1 1 5 4 6 1 1 1 1 1 1 1 5 4 6 1 1 1 1 1 1 1 1 1 1 1 1 1 5 4 6 1 1 1 1 1 1 1 5 4 6 1 1 1 21 20 20 20 22 1 1 1 5 4 6 1 1 1 1 1 1 1 5 4 6 1 1 1 1 1 1 1 1 1 1 1 1 1 5 4 6 1 1 1 1 1 1 1 5 4 6 1 1 1 21 20 20 20 22 1 1 1 5 4 6 1 1 1 1 1 1 1 5 4 6 1 1 1 1 1 1 1 1 1 1 1 1 1 5 4 6 1 1 1 1 1 1 1 5 4 6 1 1 1 21 20 20 20 22 1 1 1 5 4 6 1 1 1 1 1 1 1 5 4 6 1 1 1 1 1 1 1 1 1 1 1 1 1 5 4 6 1 1 1 1 1 1 1 5 4 6 1 1 1 21 20 20 20 22 1 1 1 5 4 6 1 1 1 1 1 1 1 5 4 6 1 1 1 1 1 1 1 1 1 1 1 1 1 5 4 6 1 1 1 1 1 1 1 5 4 6 1 1 1 21 20 20 20 22 1 1 1 5 4 6 1 1 1 1 1 1 1 5 4 6 1 1 1 1 1 1 1 1 1 1 1 1 1 5 4 6 1 1 1 1 1 1 1 5 4 6 1 1 1 21 20 20 20 22 1 1 1 5 4 6 1 1 1 1 1 1 1 5 4 6 1 1 1 1 1 1 1 1 1 1 1 1 1 5 4 6 1 1 1 1 1 1 1 5 4 6 1 1 1 21 20 20 20 22 1 1 1 5 4 6 1 1 1 1 1 1 1 5 4 6 1 1 1 1 1 1 1 1 1 1 1 1 1 5 4 6 1 1 1 1 1 1 1 5 4 6 1 1 1 21 20 20 20 22 1 1 1 5 4 6 1 1 1 1 1 1 1 5 4 6 1 1 1 1 1 1 1 1 1 1 1 1 1 5 4 6 1 1 1 1 1 1 1 5 4 6 1 1 1 21 20 20 20 22 1 1 1 5 4 6 1 1 1 1 1 1 1 5 4 6 1 1 1 1 1 1 1 1 1 1 1 1 1 5 4 6 1 1 1 1 1 1 1 5 4 6 1 1 1 21 20 20 20 22 1 1 1 5 4 6 1 1 1 1 1 1 1 5 4 6 1 1 1 1 1 1 1 1 1 1 1 1 1 5 4 6 1 1 1 1 1 1 1 5 4 6 1 1 1 21 20 20 20 22 1 1 1 5 4 6 1 1 1 1 1 1 1 5 4 6 1 1 1 1 1 1 1 1 1 1 1 1 1 5 4 6 1 1 1 1 1 1 1 5 4 6 1 1 1 21 20 20 20 22 1 1 1 5 4 6 1 1 1 1 1 1 1 5 4 6 1 1 1 1 1 1 1 1 1 1 1 1 1 5 4 6 1 1 1 1 1 1 1 5 4 6 1 1 1 21 20 20 20 22 1 1 1 5 4 6 1 1 1 1 1 1 1 5 4 6 1 1 1 1 1 1 1 1 1 1 1 1 1 5 4 6 1 1 1 1 1 1 1 5 4 6 1 1 1 21 20 20 20 22 1 1 1 5 4 6 1 1 1 1 1 1 1 5 4 6 1 1 1 1 1 1 1 1 1 1 1 1 1 5 4 6 1 1 1 1 1 1 1 5 4 6 1 1 1 21 20 20 20 22 1 1 1 5 4 6 1 1 1 1 1 1 1 5 4 6 1 1 1 1 1 1 1 1 1 1 1 1 1 5 4 6 1 1 1 1 1 1 1 5 4 6 1 1 1 21 20 20 20 22 1 1 1 5 4 6 1 1 1 1 1 1 1 5 4 6 1 1 1 1 1 1 1 1 1 1 1 1 1 5 4 6 1 1 1 1 1 1 1 5 4 6 1 1 1 21 20 20 20 22 1 1 1 5 4 6 1 1 1 1 1 1 1 5 4 6 1 1 1 1 1 1 1 1 1 1 1 1 1 5 4 6 1 1 1 1 1 1 1 5 4 6 1 1 1 21 20 20 20 22 1 1 1 5 4 6 1 1 1 1 1 1 1 5 4 6 1 1 1 1 1 1 1 1 1 1 1 1 1 5 4 6 1 1 1 1 1 1 1 5 4 6 1 1 1 21 20 20 20 22 1 1 1 5 4 6 1 1 1 1 1 1 1 5 4 6 1 1 1 1 1 1 1 1 1 1 1 1 1 5 4 6 1 1 1 1 1 1 1 5 4 6 1 1 1 21 20 20 20 22 1 1 1 5 4 6 1 1 1 1 1 1 1 5 4 6 1 1 1 1 1 1 1 1 1 1 1 1 1 5 4 6 1 1 1 1 1 1 1 5 4 6 1 1 1 21 20 20 20 22 1 1 1 5 4 6 1 1 1 1 1 1 1 5 4 6 1 1 1 1 1 1 1 1 1 1 1 1 1 5 4 6 1 1 1 1 1 1 1 5 4 6 1 1 1 21 20 20 20 22 1 1 1 5 4 6 1 1 1 1 1 1 1 5 4 6 1 1 1 1 1 1 1 1 1 1 1 1 1 5 4 6 1 1 1 1 1 1 1 5 4 6 1 1 1 21 20 20 20 22 1 1 1 5 4 6 1 1 1 1 1 1 1 5 4 6 1 1 1 1 1 1 1 1 1 1 1 1 1 5 4 6 1 1 1 1 1 1 1 5 4 6 1 1 1 21 20 20 20 22 1 1 1 5 4 6 1 1 1 1 1 1 1 5 4 6 1 1 1 1 1 1 1 1 1 1 1 1 1 9 8 11 1 1 1 1 1 1 1 9 8 11 1 1 1 21 20 20 20 22 1 1 1 9 8 11 1 1 1 1 1 1 1 9 8 11 1 1 1 1 1 1 
Entity Size - 0
Entities - 
Item Size - 0
Items - 
Warp Size - 2
Warps - 10|757|1583|112|9|1558|61|112|21 12|758|5|110|10|767|1547|110|14 
Object Size - 42
Objects - 7|888|1416 7|888|1305 7|888|1185 7|888|1055 7|888|915 7|888|775 7|888|645 7|888|505 7|888|355 7|888|116 7|688|-9 7|687|114 7|687|224 7|894|232 7|685|354 7|691|502 7|690|646 7|690|776 7|691|912 7|696|1056 7|699|1183 7|698|1303 7|696|1416 7|891|1539 7|692|1540 2|1121|-44 2|1121|136 2|1121|336 2|1121|526 2|1121|706 2|1121|896 2|1121|1066 2|1121|1226 2|359|-46 2|359|114 2|359|264 2|359|444 2|359|644 2|359|824 2|359|1024 2|359|1224 7|892|-7 
Entity Size - 0
Entities - 
Item Size - 0
Items - 
