Name - 13
Width - 50
Height - 50
Tiles - 1 1 1 1 1 1 1 1 1 1 1 1 1 1 1 1 1 1 1 1 1 1 1 25 24 24 24 27 1 1 1 1 3 2 2 1 1 1 1 1 1 1 1 1 1 1 1 1 1 1 1 1 1 1 1 1 1 1 1 1 1 1 1 1 1 1 1 1 1 1 1 1 1 1 1 1 1 1 1 1 1 2 1 3 3 1 1 1 1 1 1 1 1 1 1 2 1 1 1 1 1 1 1 1 1 1 1 1 1 1 2 2 2 1 1 1 1 1 2 1 1 1 1 3 3 1 1 1 1 1 1 1 1 1 1 1 2 3 3 1 1 1 1 1 1 2 1 1 1 1 1 1 1 3 1 1 1 1 1 1 1 2 3 3 1 1 1 1 2 3 1 2 1 1 1 3 1 1 1 1 1 1 1 1 1 1 2 1 1 3 1 1 1 1 3 1 1 1 1 1 1 1 1 1 1 1 1 1 1 1 1 1 1 1 1 3 1 1 1 1 1 2 2 1 1 1 1 1 1 1 1 1 1 1 1 1 1 1 1 1 1 1 3 3 1 1 1 1 1 1 1 1 1 1 3 1 1 1 1 1 1 1 1 1 1 2 1 1 1 1 1 1 2 1 1 1 1 1 1 1 1 1 1 1 1 1 1 1 1 1 1 1 3 3 1 1 2 1 1 1 1 1 1 1 1 3 3 1 1 1 1 1 1 1 1 1 1 1 1 3 1 1 1 1 1 1 1 1 1 1 1 3 3 3 1 1 2 2 1 1 1 3 1 1 1 2 2 1 1 1 1 1 1 1 1 1 2 2 1 1 1 1 1 1 1 3 1 1 1 1 3 1 3 1 1 1 1 1 2 1 1 1 1 3 1 1 1 2 1 1 3 1 1 3 1 1 1 1 1 1 1 1 1 1 1 1 1 1 3 1 1 1 1 1 3 1 1 1 1 3 1 1 3 1 1 1 1 1 1 1 1 1 1 1 1 1 1 1 1 1 1 1 1 1 3 1 1 1 1 1 1 1 1 1 1 1 1 1 1 1 3 1 1 1 1 1 1 1 1 1 1 3 1 1 1 1 1 1 1 1 1 1 1 3 1 1 1 1 1 1 1 1 1 1 1 1 3 1 3 1 1 1 1 1 1 1 1 1 1 1 1 3 1 3 1 1 3 1 1 1 1 1 1 1 1 3 3 3 2 2 1 1 3 1 1 1 3 3 1 1 1 1 1 1 1 1 3 1 1 1 1 1 1 1 1 1 1 1 1 1 1 1 1 1 1 1 1 2 1 1 1 1 1 1 1 1 1 1 2 1 1 3 3 1 1 1 3 1 1 1 1 1 1 1 1 1 1 1 1 1 1 1 1 1 1 1 1 3 1 1 1 1 1 1 1 3 1 1 1 1 1 1 1 3 3 3 1 1 1 1 1 1 1 1 1 3 3 1 1 2 1 1 1 1 1 1 1 1 1 1 1 1 1 1 1 3 3 3 1 2 2 1 1 1 3 2 3 1 1 1 1 1 1 1 1 1 1 2 1 1 1 1 1 1 1 1 1 3 3 2 1 1 1 1 1 1 1 1 1 1 1 1 1 1 1 3 1 1 1 1 1 1 1 3 3 1 1 3 3 1 1 1 1 1 1 3 1 1 3 1 1 1 1 1 1 1 1 1 1 1 1 2 1 1 1 1 1 3 1 1 1 1 1 1 1 1 1 1 1 1 1 1 1 1 3 3 1 1 1 1 1 1 1 1 1 1 1 1 3 3 1 1 1 1 1 3 1 1 3 1 1 3 3 1 1 2 3 2 2 1 1 1 1 3 3 1 1 1 2 1 1 1 1 3 3 1 3 1 1 1 3 3 3 1 1 1 1 1 1 1 3 1 1 1 1 2 1 1 1 1 1 1 1 1 2 2 1 1 1 1 1 1 1 1 1 1 1 2 1 1 1 1 1 1 1 1 1 1 1 1 3 3 2 1 1 1 3 1 1 1 1 1 2 3 1 2 1 1 1 1 1 3 1 1 1 1 1 1 1 1 1 1 1 1 1 3 1 1 1 3 1 1 1 1 1 1 1 1 1 3 1 1 2 3 3 1 2 2 1 1 3 1 1 2 1 3 1 1 1 2 2 1 3 3 1 1 1 1 1 1 1 1 1 3 1 1 1 1 1 1 1 1 1 1 1 1 1 1 1 1 1 3 3 1 1 1 1 1 3 1 1 1 1 1 1 1 1 1 1 1 1 1 1 1 1 1 3 3 3 1 1 1 1 1 1 1 1 1 1 1 1 1 1 1 1 1 3 1 1 1 1 1 1 1 1 1 1 1 1 1 3 1 3 2 1 1 1 1 1 1 1 1 1 1 1 1 1 1 3 1 1 1 1 1 1 1 3 3 1 1 1 1 1 1 1 1 1 1 1 1 1 1 2 1 1 1 1 1 1 1 2 1 1 1 3 1 1 3 1 1 1 1 1 3 1 1 1 1 1 1 1 1 1 1 2 2 1 1 1 1 1 1 1 1 3 1 1 1 1 1 1 2 1 1 1 1 1 3 2 1 1 1 1 1 1 1 1 1 1 1 1 1 2 1 1 1 1 1 1 1 1 1 1 2 2 3 1 1 1 1 1 1 3 3 1 1 3 3 1 3 3 1 1 1 1 1 1 1 1 1 1 1 1 1 3 1 1 1 1 1 1 1 1 3 1 1 1 1 1 28 1 1 1 1 2 1 1 1 2 1 1 3 1 1 1 2 1 1 1 1 1 1 1 3 3 1 1 1 1 1 1 3 1 1 1 3 1 1 1 1 1 1 1 1 3 1 1 1 1 21 1 3 2 1 2 1 3 2 1 1 1 3 1 1 1 1 1 1 2 1 1 3 1 1 1 1 3 1 1 3 1 3 3 1 1 1 1 1 1 3 1 1 1 1 1 1 1 1 1 21 1 1 3 3 3 1 1 2 3 3 1 1 1 1 1 1 1 2 2 1 1 1 1 1 1 3 1 3 1 1 1 2 1 1 1 1 1 3 1 1 1 3 3 1 1 1 1 1 1 21 1 1 1 2 1 1 1 1 1 1 3 1 1 1 3 1 1 1 2 1 1 1 3 1 1 1 3 1 1 1 2 3 1 1 1 1 1 1 1 1 1 1 1 1 1 1 3 1 1 25 1 1 1 1 1 1 3 1 1 1 1 1 1 1 2 2 1 1 1 1 1 1 1 1 1 1 1 1 1 1 1 3 1 1 1 1 1 1 1 1 1 1 1 1 2 3 1 1 1 1 1 1 1 1 1 2 3 1 1 1 1 1 1 1 2 1 1 1 1 1 1 1 1 1 1 1 1 1 1 1 1 2 2 3 3 1 1 1 1 1 1 1 1 1 1 1 1 3 1 1 1 1 1 3 3 2 1 1 3 1 1 1 1 1 1 1 1 1 2 3 1 1 1 1 1 3 3 3 3 1 1 1 1 2 3 3 3 1 1 1 1 1 1 1 1 1 1 1 3 1 1 1 1 3 3 1 1 1 1 1 1 1 1 1 1 1 1 1 1 1 1 1 1 1 1 1 1 1 1 1 1 1 3 2 1 1 1 1 1 1 3 2 3 1 3 1 2 1 2 1 1 1 3 3 1 1 1 1 1 1 1 1 1 1 1 1 1 1 1 1 1 1 1 1 1 1 3 1 1 1 1 3 2 1 1 1 3 1 1 1 1 1 1 1 1 1 2 2 2 3 1 1 1 1 1 1 1 1 3 3 1 2 1 1 3 2 1 1 1 1 1 1 1 1 1 1 3 3 3 1 1 1 1 2 1 1 3 1 1 1 1 1 1 1 1 1 1 1 1 1 1 1 1 1 1 1 1 1 1 1 3 1 3 3 2 1 3 1 3 1 1 1 1 1 1 1 1 1 1 1 1 1 2 2 1 1 3 1 1 1 2 1 1 1 1 1 1 1 1 1 1 1 1 1 1 1 1 1 1 1 1 2 1 1 2 3 1 1 1 1 1 1 1 3 1 1 1 1 3 1 1 1 1 1 2 1 1 3 3 1 1 1 1 1 3 3 1 1 1 1 1 1 1 1 3 1 1 1 1 1 1 1 1 1 3 1 1 1 1 1 1 1 1 3 3 1 1 1 1 2 1 1 1 1 1 1 1 2 3 3 1 1 1 2 1 3 1 1 1 1 1 1 3 1 1 1 3 1 3 1 1 1 1 1 1 1 1 1 1 1 2 1 3 1 1 1 1 1 3 1 1 1 1 1 1 1 1 1 1 3 1 1 1 1 2 1 1 1 1 1 1 1 1 3 1 3 3 1 3 1 1 1 1 1 1 1 1 1 1 1 2 3 1 1 2 2 3 1 1 1 3 1 1 1 1 1 1 1 1 1 1 1 1 1 1 1 2 1 3 1 1 1 1 1 1 1 1 1 3 3 1 1 1 1 1 1 1 1 1 1 1 3 1 1 1 1 3 1 1 1 1 3 1 1 1 1 1 1 1 1 1 1 1 1 1 1 1 1 1 3 1 3 1 1 1 1 1 1 1 1 1 1 1 2 1 3 1 1 1 1 1 1 1 1 1 1 1 3 1 1 1 1 1 1 1 3 3 1 1 1 1 1 1 1 3 1 1 1 1 1 1 1 1 1 1 1 1 1 1 1 1 1 3 1 1 2 2 1 1 3 1 1 1 1 2 1 1 1 1 3 1 1 1 1 3 1 1 1 2 1 1 1 1 1 1 1 2 3 1 1 1 3 1 1 1 1 1 1 1 1 1 1 1 1 3 2 1 1 1 1 1 1 1 1 2 3 1 1 1 2 1 1 1 1 1 1 1 1 1 1 1 1 1 1 1 1 1 3 1 1 1 3 1 1 1 1 1 1 1 2 1 1 2 3 1 1 1 1 1 3 1 1 1 1 1 1 1 1 1 2 1 1 1 1 1 1 1 1 1 1 3 1 1 1 1 2 1 1 1 1 1 3 1 1 1 2 2 1 1 1 1 1 1 1 1 1 1 1 1 1 2 1 1 2 3 1 1 1 1 1 1 1 1 3 1 1 1 1 1 1 1 1 1 1 1 1 1 1 1 1 1 3 1 2 3 3 1 1 1 1 1 1 1 1 1 1 1 1 1 1 1 1 2 1 1 1 1 1 1 1 1 1 1 1 1 1 1 1 1 1 1 1 1 1 3 3 1 1 1 1 1 1 1 2 1 1 1 1 1 1 1 3 3 1 1 1 1 3 1 1 2 1 1 1 1 1 1 3 3 1 3 3 1 1 1 1 1 1 1 1 1 1 1 1 1 3 1 1 1 1 1 1 1 2 1 1 1 3 3 3 3 1 1 1 1 1 1 3 1 1 1 3 1 1 1 1 1 1 1 1 1 1 1 1 1 3 3 1 1 1 3 2 2 3 3 1 1 1 1 1 2 2 1 1 1 1 1 2 2 2 1 1 1 1 1 1 1 1 1 1 1 1 3 3 1 3 3 1 1 1 1 1 1 1 1 1 1 1 1 1 1 1 1 1 1 1 1 1 1 1 1 1 1 1 1 1 1 1 1 1 1 1 1 1 1 1 1 1 1 1 1 1 1 1 1 1 1 1 1 1 1 1 1 1 1 1 1 1 1 1 1 1 1 1 1 1 1 1 1 1 
Solid Size - 0
Solids - 
Entity Size - 4
Entities - 1|4|623|350|4|683|443|1|585|301|0|507|61|0|516|333|0 1|4|1083|63|3|887|148|1|1116|195|1|1111|32|0 1|4|1117|980|7|942|1214|1|1001|1359|1|1163|1282|1|1233|1155|1|1229|1017|1|1148|981|1|946|1033|0 1|4|641|1496|11|33|1554|1|251|1559|1|501|1554|1|683|1558|0|670|1355|0|484|1351|0|494|1554|0|678|1563|0|658|1358|0|474|1345|0|487|1554|0 
Item Size - 0
Items - 
Warp Size - 2
Warps - 12|1584|760|11|112|38|777|10|83 15|761|7|107|8|774|1532|78|11 
Object Size - 17
Objects - 3|1349|509 3|208|1171 1|303|416 2|741|815 1|1332|1022 3|914|311 3|219|20 3|1257|50 8|692|128 8|184|346 8|264|960 8|1102|1399 7|678|1037 7|89|1267 7|1165|1438 7|1488|625 7|354|169 
Effect Size - 10
Effects - 1|956|423 1|366|561 1|321|552 1|329|615 1|827|954 1|215|1270 1|1419|1159 1|1340|1197 1|1324|155 1|219|114 
Entity Size - 4
Entities - 1|4|492|477|4|516|333|0|507|61|0|585|301|0|683|443|0 1|4|882|47|3|1111|32|0|1116|195|0|887|148|0 1|4|895|1041|7|942|1214|0|1001|1359|0|1163|1282|0|1233|1155|0|1229|1017|0|1148|981|0|946|1033|0 1|4|25|1348|11|33|1554|0|251|1559|0|501|1554|0|683|1558|0|670|1355|0|484|1351|0|494|1554|0|678|1563|0|658|1358|0|474|1345|0|487|1554|0 
Item Size - 0
Items - 
