Name - Items
Width - 30
Height - 30
Tiles - 1 1 1 1 1 1 1 1 1 1 1 1 1 1 1 1 1 1 1 1 1 1 1 1 1 1 1 1 1 1 1 1 1 1 1 1 1 1 1 1 1 1 1 1 1 1 1 1 1 1 1 1 1 1 1 1 1 1 1 1 1 1 1 1 1 1 1 1 1 1 1 1 1 1 1 1 1 1 1 1 1 1 1 1 1 1 1 1 1 1 1 1 1 1 1 1 1 1 1 1 1 1 1 1 1 1 1 1 1 1 1 1 1 1 1 1 1 1 1 1 1 1 1 1 1 1 1 1 1 1 1 1 1 1 1 1 1 1 1 1 1 1 1 1 1 1 1 1 1 1 1 1 1 1 1 1 1 1 1 1 1 1 1 1 1 1 1 1 1 1 1 1 1 1 1 1 1 1 1 1 1 1 1 1 1 1 1 1 1 1 1 1 1 1 1 1 1 1 1 1 1 1 1 1 1 1 1 1 1 1 1 1 1 1 1 1 1 1 1 1 1 1 1 1 1 1 1 1 1 1 1 1 1 1 1 1 1 1 1 1 1 1 1 1 1 1 1 1 1 1 1 1 1 1 1 1 1 1 1 1 1 1 1 1 1 1 1 1 1 1 1 1 1 1 1 1 1 1 1 1 1 1 1 1 1 1 1 1 1 1 1 1 1 1 1 1 1 1 1 1 1 1 1 1 1 1 1 1 1 1 1 1 1 1 1 1 1 1 1 1 1 1 1 1 1 1 1 1 1 1 1 1 1 1 1 1 1 1 1 1 1 1 1 1 1 1 1 1 1 1 1 1 1 1 1 1 1 1 1 1 1 1 1 1 1 1 1 1 1 1 1 1 1 1 1 1 1 1 1 1 1 1 1 1 1 1 1 1 1 1 1 1 1 1 1 1 1 1 1 1 1 1 1 1 1 1 1 1 1 1 1 1 1 1 1 1 1 1 1 1 1 1 1 1 1 1 1 1 1 1 1 1 1 1 1 1 1 1 1 1 1 1 1 1 1 1 1 1 1 1 1 1 1 1 1 1 1 1 1 1 1 1 1 1 1 1 1 1 1 1 1 1 1 1 1 1 1 1 1 1 1 1 1 1 1 1 1 1 1 1 1 1 1 1 1 1 1 1 1 1 1 1 1 1 1 1 1 1 1 1 1 1 1 1 1 1 1 1 1 1 1 1 1 1 1 1 1 1 1 1 1 1 1 1 1 1 1 1 1 1 1 1 1 1 1 1 1 1 1 1 1 1 1 1 1 1 1 1 1 1 1 1 1 1 1 1 1 1 1 1 1 1 1 1 1 1 1 1 1 1 1 1 1 1 1 1 1 1 1 1 1 1 1 1 1 1 1 1 1 1 1 1 1 1 1 1 1 1 1 1 1 1 1 1 1 1 1 1 1 1 1 1 1 1 1 1 1 1 1 1 1 1 1 1 1 1 1 1 1 1 1 1 1 1 1 1 1 1 1 1 1 1 1 1 1 1 1 1 1 1 1 1 1 1 1 1 1 1 1 1 1 1 1 1 1 1 1 1 1 1 1 1 1 1 1 1 1 1 1 1 1 1 1 1 1 1 1 1 1 1 1 1 1 1 1 1 1 1 1 1 1 1 1 1 1 1 1 1 1 1 1 1 1 1 1 1 1 1 1 1 1 1 1 1 1 1 1 1 1 1 1 1 1 1 1 1 1 1 1 1 1 1 1 1 1 1 1 1 1 1 1 1 1 1 1 1 1 1 1 1 1 1 1 1 1 1 1 1 1 1 1 1 1 1 1 1 1 1 1 1 1 1 1 1 1 1 1 1 1 1 1 1 1 1 1 1 1 1 1 1 1 1 1 1 1 1 1 1 1 1 1 1 1 1 1 1 1 1 1 1 1 1 1 1 1 1 1 1 1 1 1 1 1 1 1 1 1 1 1 1 1 1 1 1 1 1 1 1 1 1 1 1 1 1 1 1 1 1 1 1 1 1 1 1 1 1 1 1 1 1 1 1 1 1 1 1 1 1 1 1 1 1 1 1 1 1 1 1 1 1 
Entity Size - 2
Entities - 2|3|736|506|0 2|1|220|568|0 
Item Size - 76
Items - 0|345|275|0 0|345|275|0 0|345|275|0 0|344|275|0 0|344|275|0 0|344|275|0 0|344|275|0 0|343|282|0 0|343|282|0 0|345|286|0 0|349|284|0 0|351|283|0 0|352|282|0 0|353|275|0 0|353|273|0 0|351|271|0 0|347|268|0 0|342|271|0 0|340|272|0 0|338|279|0 0|338|282|0 0|342|286|0 0|344|286|0 0|348|286|0 0|350|284|0 0|352|277|0 1|477|292|0 1|485|294|0 1|489|294|0 1|490|291|0 1|490|282|0 1|494|274|0 1|491|267|0 1|484|269|0 1|480|272|0 1|476|276|0 1|483|283|0 1|489|286|0 1|489|288|0 1|488|288|0 1|481|288|0 1|478|284|0 1|479|278|0 1|486|277|0 1|493|279|0 1|491|290|0 1|488|297|0 1|493|300|0 1|501|288|0 1|490|279|0 3|636|289|0 3|633|302|0 3|617|293|0 3|627|278|0 3|638|276|0 3|642|295|0 3|650|302|0 3|658|289|0 3|654|279|0 3|638|277|0 3|639|300|0 3|630|307|0 3|620|297|0 3|617|285|0 3|623|280|0 3|629|281|0 3|642|294|0 3|652|303|0 3|659|283|0 3|648|268|0 3|632|291|0 3|632|302|0 3|620|302|0 3|616|272|0 3|642|285|0 3|645|292|0 
Warp Size - 0
Warps - 
Object Size - 0
Objects - 
Effect Size - 0
Effects - 
Entity Size - 2
Entities - 2|3|736|506|0 2|1|220|568|0 
Item Size - 76
Items - 0|345|275|0 0|345|275|0 0|345|275|0 0|344|275|0 0|344|275|0 0|344|275|0 0|344|275|0 0|343|282|0 0|343|282|0 0|345|286|0 0|349|284|0 0|351|283|0 0|352|282|0 0|353|275|0 0|353|273|0 0|351|271|0 0|347|268|0 0|342|271|0 0|340|272|0 0|338|279|0 0|338|282|0 0|342|286|0 0|344|286|0 0|348|286|0 0|350|284|0 0|352|277|0 1|477|292|0 1|485|294|0 1|489|294|0 1|490|291|0 1|490|282|0 1|494|274|0 1|491|267|0 1|484|269|0 1|480|272|0 1|476|276|0 1|483|283|0 1|489|286|0 1|489|288|0 1|488|288|0 1|481|288|0 1|478|284|0 1|479|278|0 1|486|277|0 1|493|279|0 1|491|290|0 1|488|297|0 1|493|300|0 1|501|288|0 1|490|279|0 3|636|289|0 3|633|302|0 3|617|293|0 3|627|278|0 3|638|276|0 3|642|295|0 3|650|302|0 3|658|289|0 3|654|279|0 3|638|277|0 3|639|300|0 3|630|307|0 3|620|297|0 3|617|285|0 3|623|280|0 3|629|281|0 3|642|294|0 3|652|303|0 3|659|283|0 3|648|268|0 3|632|291|0 3|632|302|0 3|620|302|0 3|616|272|0 3|642|285|0 3|645|292|0 
